 6.293250         -5.663925       5.663925        6.922575 
 13.845150        -15.103800      13.845150       15.103800 
 20.767725        -22.026375      20.138399       23.285025 
 24.543674        -26.431650      25.173000       27.690300 
 28.319626        -29.578276      28.319626       30.207600 
 30.207600        -32.095573      30.836926       32.724899 
 32.095573        -33.983551      32.095573       34.612877 
 33.354225        -35.242199      33.983551       35.242199 
 34.612877        -35.871525      34.612877       35.871525 
 34.612877        -36.500851      35.871525       36.500851 
 34.612877        -37.130177      35.242199       37.130177 
 36.500851        -37.759499      36.500851       37.130177 
 35.871525        -37.759499      36.500851       37.759499 
 35.871525        -37.759499      36.500851       37.759499 
 35.871525        -38.388824      37.130177       37.759499 
 36.500851        -38.388824      37.130177       37.759499 
 35.871525        -38.388824      36.500851       37.759499 
 36.500851        -38.388824      37.759499       37.759499 
 36.500851        -38.388824      36.500851       37.759499 
 36.500851        -39.018150      37.759499       38.388824 
 36.500851        -38.388824      37.130177       37.759499 
 36.500851        -39.018150      37.130177       38.388824 
 36.500851        -38.388824      37.759499       37.759499 
 36.500851        -38.388824      37.130177       38.388824 
 36.500851        -39.018150      37.130177       38.388824 
 36.500851        -39.018150      37.759499       37.759499 
 36.500851        -38.388824      37.130177       38.388824 
 36.500851        -38.388824      37.130177       37.759499 
 36.500851        -39.018150      37.759499       38.388824 
 36.500851        -38.388824      37.130177       37.759499 
 36.500851        -39.018150      37.130177       38.388824 
 37.130177        -39.018150      37.759499       38.388824 
 35.871525        -38.388824      37.759499       37.759499 
 36.500851        -39.018150      37.130177       38.388824 
 36.500851        -38.388824      37.759499       38.388824 
 36.500851        -39.018150      37.130177       37.759499 
 36.500851        -39.018150      37.759499       38.388824 
 36.500851        -38.388824      37.130177       38.388824 
 36.500851        -39.018150      37.130177       38.388824 
 37.130177        -38.388824      37.759499       37.759499 
 36.500851        -38.388824      37.759499       38.388824 
 36.500851        -39.018150      37.130177       37.759499 
 36.500851        -39.018150      37.759499       39.018150 
 36.500851        -38.388824      37.130177       37.759499 
 36.500851        -39.018150      37.759499       38.388824 
 36.500851        -38.388824      37.759499       37.759499 
 36.500851        -39.018150      37.130177       38.388824 
 36.500851        -38.388824      37.130177       38.388824 
 36.500851        -39.018150      37.759499       38.388824 
 36.500851        -38.388824      37.759499       37.759499 
 36.500851        -38.388824      37.130177       38.388824 
 36.500851        -39.018150      37.130177       37.759499 
 36.500851        -38.388824      37.759499       38.388824 
 36.500851        -39.018150      37.759499       38.388824 
 37.130177        -38.388824      37.130177       38.388824 
 36.500851        -39.018150      37.759499       37.759499 
 36.500851        -38.388824      37.130177       38.388824 
 36.500851        -38.388824      37.759499       38.388824 
 36.500851        -39.018150      37.759499       37.759499 
 36.500851        -38.388824      37.130177       38.388824 
 36.500851        -38.388824      37.130177       38.388824 
 36.500851        -39.018150      37.759499       37.759499 
 36.500851        -38.388824      37.759499       38.388824 
 36.500851        -39.018150      37.130177       38.388824 
 37.130177        -38.388824      37.759499       37.759499 
 35.871525        -39.018150      37.130177       38.388824 
 37.130177        -38.388824      37.759499       38.388824 
 36.500851        -38.388824      37.759499       37.759499 
 36.500851        -38.388824      37.130177       38.388824 
 35.871525        -39.018150      37.130177       38.388824 
 36.500851        -39.018150      37.759499       37.759499 
 36.500851        -38.388824      37.759499       38.388824 
 37.130177        -38.388824      37.759499       38.388824 
 36.500851        -39.018150      37.130177       37.759499 
 36.500851        -39.018150      37.130177       38.388824 
 36.500851        -38.388824      37.759499       38.388824 
 36.500851        -38.388824      37.759499       37.759499 
 36.500851        -39.018150      37.759499       38.388824 
 36.500851        -38.388824      37.130177       38.388824 
 36.500851        -38.388824      37.130177       38.388824 
 36.500851        -39.018150      37.759499       38.388824 
 37.130177        -39.018150      37.759499       37.759499 
 35.871525        -38.388824      37.130177       38.388824 
 36.500851        -39.018150      37.759499       38.388824 
 36.500851        -38.388824      37.130177       37.759499 
 36.500851        -39.018150      37.759499       38.388824 
 36.500851        -38.388824      37.130177       38.388824 
 36.500851        -38.388824      37.759499       38.388824 
 36.500851        -39.018150      37.130177       37.759499 
 37.130177        -38.388824      37.759499       38.388824 
 36.500851        -39.018150      37.759499       38.388824 
 36.500851        -38.388824      37.130177       38.388824 
 36.500851        -39.018150      37.130177       37.759499 
 36.500851        -38.388824      37.759499       38.388824 
 35.871525        -39.018150      37.759499       38.388824 
 37.130177        -38.388824      37.759499       37.759499 
 35.871525        -39.018150      37.130177       38.388824 
 37.130177        -38.388824      37.130177       38.388824 
 36.500851        -38.388824      37.759499       38.388824 
 36.500851        -39.018150      37.759499       38.388824 
 36.500851        -38.388824      37.130177       37.759499 
 36.500851        -39.018150      37.130177       38.388824 
 35.871525        -38.388824      37.759499       38.388824 
 36.500851        -39.018150      37.759499       37.759499 
 36.500851        -39.018150      37.759499       38.388824 
 37.130177        -38.388824      37.130177       38.388824 
 36.500851        -38.388824      37.130177       38.388824 
 36.500851        -39.018150      37.759499       37.759499 
 36.500851        -38.388824      37.759499       38.388824 
 36.500851        -39.018150      37.759499       37.759499 
 36.500851        -38.388824      37.130177       38.388824 
 36.500851        -39.018150      37.130177       38.388824 
 35.871525        -39.018150      37.759499       38.388824 
 37.130177        -38.388824      37.759499       37.759499 
 36.500851        -38.388824      37.130177       38.388824 
 36.500851        -39.018150      37.759499       38.388824 
 36.500851        -38.388824      37.130177       38.388824 
 36.500851        -39.018150      37.759499       37.759499 
 36.500851        -38.388824      37.130177       38.388824 
 35.871525        -39.018150      37.759499       38.388824 
 36.500851        -38.388824      37.130177       37.759499 
 36.500851        -39.018150      37.759499       38.388824 
 36.500851        -38.388824      37.759499       38.388824 
 37.130177        -39.018150      37.130177       37.759499 
 35.871525        -38.388824      37.759499       38.388824 
 37.130177        -38.388824      37.130177       38.388824 
 35.871525        -39.018150      37.759499       37.759499 
 36.500851        -38.388824      37.759499       38.388824 
 36.500851        -38.388824      37.130177       38.388824 
 36.500851        -39.018150      37.759499       37.759499 
 36.500851        -38.388824      37.130177       38.388824 
 37.130177        -38.388824      37.759499       38.388824 
 35.871525        -39.018150      37.759499       37.759499 
 37.130177        -38.388824      37.130177       38.388824 
 35.871525        -38.388824      37.130177       38.388824 
 36.500851        -39.018150      37.759499       37.759499 
 36.500851        -38.388824      37.759499       38.388824 
 36.500851        -39.018150      37.130177       38.388824 
 36.500851        -38.388824      37.130177       37.759499 
 36.500851        -38.388824      37.759499       38.388824 
 36.500851        -38.388824      37.130177       38.388824 
 35.871525        -39.018150      37.759499       37.759499 
 37.130177        -38.388824      37.130177       38.388824 
 36.500851        -38.388824      37.759499       37.759499 
 36.500851        -39.018150      37.759499       38.388824 
 36.500851        -38.388824      37.130177       38.388824 
 36.500851        -38.388824      37.759499       37.759499 
 36.500851        -39.018150      37.130177       38.388824 
 36.500851        -38.388824      37.759499       37.759499 
 35.871525        -38.388824      37.759499       38.388824 
 37.130177        -38.388824      37.130177       38.388824 
 35.871525        -38.388824      37.759499       37.759499 
 37.130177        -39.018150      37.130177       38.388824 
 35.871525        -38.388824      37.759499       38.388824 
 36.500851        -38.388824      37.759499       37.759499 
 36.500851        -38.388824      37.130177       38.388824 
 36.500851        -38.388824      37.130177       38.388824 
 36.500851        -39.018150      37.759499       37.759499 
 36.500851        -37.759499      37.759499       38.388824 
 36.500851        -39.018150      37.759499       38.388824 
 36.500851        -38.388824      37.130177       37.759499 
 36.500851        -38.388824      37.130177       38.388824 
 36.500851        -38.388824      37.759499       37.759499 
 35.871525        -38.388824      37.759499       38.388824 
 36.500851        -38.388824      37.759499       38.388824 
 36.500851        -38.388824      37.130177       37.759499 
 37.130177        -38.388824      37.130177       38.388824 
 35.871525        -38.388824      37.759499       37.759499 
 37.130177        -39.018150      37.759499       38.388824 
 35.871525        -37.759499      37.130177       38.388824 
 36.500851        -39.018150      37.130177       37.759499 
 36.500851        -38.388824      37.759499       38.388824 
 36.500851        -38.388824      37.759499       38.388824 
 36.500851        -38.388824      37.130177       37.759499 
 35.871525        -38.388824      37.130177       38.388824 
 36.500851        -38.388824      37.759499       38.388824 
 35.871525        -38.388824      37.759499       37.759499 
 37.130177        -38.388824      37.130177       38.388824 
 35.871525        -38.388824      37.759499       37.759499 
 37.130177        -38.388824      37.130177       38.388824 
 35.871525        -38.388824      37.759499       37.759499 
 36.500851        -38.388824      37.759499       38.388824 
 36.500851        -38.388824      37.130177       38.388824 
 36.500851        -39.018150      37.130177       37.759499 
 36.500851        -37.759499      37.759499       38.388824 
 36.500851        -39.018150      37.759499       38.388824 
 36.500851        -37.759499      37.130177       37.759499 
 36.500851        -39.018150      37.759499       38.388824 
 36.500851        -38.388824      37.130177       38.388824 
 35.871525        -38.388824      37.759499       37.759499 
 36.500851        -38.388824      37.759499       38.388824 
 36.500851        -38.388824      37.130177       37.759499 
 36.500851        -38.388824      37.759499       38.388824 
 35.871525        -38.388824      37.130177       37.759499 
 37.130177        -38.388824      37.759499       38.388824 
 36.500851        -38.388824      37.130177       38.388824 
 36.500851        -38.388824      37.759499       37.759499 
 36.500851        -38.388824      37.130177       38.388824 
 36.500851        -37.759499      37.759499       38.388824 
 35.871525        -39.018150      37.759499       37.759499 
 36.500851        -37.759499      37.130177       38.388824 
 36.500851        -38.388824      37.130177       37.759499 
 36.500851        -38.388824      37.759499       38.388824 
 36.500851        -38.388824      37.759499       37.759499 
 36.500851        -38.388824      37.130177       38.388824 
 36.500851        -38.388824      37.759499       38.388824 
 36.500851        -38.388824      37.130177       37.759499 
 35.871525        -38.388824      37.759499       38.388824 
 36.500851        -38.388824      37.130177       38.388824 
 36.500851        -37.759499      37.130177       37.759499 
 36.500851        -39.018150      37.759499       38.388824 
 36.500851        -37.759499      37.759499       38.388824 
 36.500851        -38.388824      37.130177       37.759499 
 36.500851        -38.388824      37.759499       38.388824 
 36.500851        -38.388824      37.130177       37.759499 
 36.500851        -38.388824      37.759499       38.388824 
 36.500851        -38.388824      37.130177       37.759499 
 35.871525        -38.388824      37.130177       38.388824 
 36.500851        -37.759499      37.759499       38.388824 
 36.500851        -38.388824      37.759499       38.388824 
 36.500851        -38.388824      37.759499       37.759499 
 36.500851        -38.388824      37.130177       38.388824 
 36.500851        -38.388824      37.130177       37.759499 
 36.500851        -38.388824      37.759499       38.388824 
 35.871525        -38.388824      37.759499       38.388824 
 36.500851        -38.388824      37.130177       37.759499 
 36.500851        -38.388824      37.130177       37.759499 
 36.500851        -38.388824      37.759499       38.388824 
 36.500851        -38.388824      37.130177       38.388824 
 36.500851        -37.759499      37.759499       37.759499 
 36.500851        -38.388824      37.130177       38.388824 
 36.500851        -38.388824      37.759499       38.388824 
 36.500851        -39.018150      37.759499       37.759499 
 36.500851        -37.759499      37.130177       38.388824 
 36.500851        -39.018150      37.130177       38.388824 
 35.871525        -37.759499      37.759499       37.759499 
 36.500851        -38.388824      37.130177       38.388824 
 36.500851        -38.388824      37.759499       38.388824 
 36.500851        -39.018150      37.130177       37.759499 
 36.500851        -37.759499      37.759499       37.759499 
 36.500851        -38.388824      37.759499       38.388824 
 36.500851        -38.388824      36.500851       38.388824 
 35.871525        -38.388824      37.759499       37.759499 
 36.500851        -38.388824      37.759499       38.388824 
 36.500851        -38.388824      37.130177       37.759499 
 36.500851        -38.388824      37.130177       38.388824 
 36.500851        -38.388824      37.759499       37.759499 
 36.500851        -38.388824      37.759499       38.388824 
 36.500851        -38.388824      37.130177       38.388824 
 36.500851        -38.388824      37.130177       37.759499 
 36.500851        -37.759499      37.759499       38.388824 
 36.500851        -39.018150      37.759499       37.759499 
 35.871525        -38.388824      37.130177       38.388824 
 36.500851        -37.759499      37.130177       37.759499 
 36.500851        -38.388824      37.759499       38.388824 
 36.500851        -39.018150      37.759499       37.759499 
 36.500851        -37.759499      37.130177       38.388824 
 36.500851        -38.388824      37.130177       37.759499 
 36.500851        -38.388824      37.759499       38.388824 
 36.500851        -38.388824      37.759499       38.388824 
 35.871525        -38.388824      37.130177       37.759499 
 36.500851        -37.759499      37.130177       38.388824 
 36.500851        -38.388824      37.759499       37.759499 
 36.500851        -38.388824      37.130177       37.759499 
 36.500851        -38.388824      37.759499       38.388824 
 35.871525        -37.759499      37.130177       37.759499 
 37.130177        -38.388824      37.759499       38.388824 
 35.871525        -38.388824      37.759499       38.388824 
 37.130177        -38.388824      37.130177       37.759499 
 35.871525        -38.388824      37.130177       38.388824 
 36.500851        -37.759499      37.759499       37.759499 
 36.500851        -38.388824      37.759499       38.388824 
 36.500851        -37.759499      37.130177       37.759499 
 35.871525        -38.388824      37.130177       38.388824 
 37.130177        -38.388824      37.759499       37.759499 
 35.871525        -38.388824      37.759499       38.388824 
 36.500851        -37.759499      37.130177       37.759499 
 36.500851        -38.388824      37.130177       38.388824 
 36.500851        -37.759499      37.759499       37.759499 
 35.871525        -38.388824      37.759499       38.388824 
 36.500851        -38.388824      37.130177       37.759499 
 36.500851        -38.388824      37.130177       38.388824 
 36.500851        -37.759499      37.759499       38.388824 
 36.500851        -38.388824      37.759499       37.759499 
 36.500851        -38.388824      37.130177       37.759499 
 36.500851        -38.388824      37.130177       38.388824 
 35.871525        -37.759499      37.759499       38.388824 
 36.500851        -38.388824      37.759499       37.759499 
 36.500851        -38.388824      37.130177       37.759499 
 35.871525        -37.759499      37.130177       38.388824 
 36.500851        -38.388824      37.759499       38.388824 
 36.500851        -37.759499      37.759499       37.759499 
 36.500851        -38.388824      37.130177       38.388824 
 36.500851        -38.388824      37.130177       37.759499 
 36.500851        -37.759499      37.759499       38.388824 
 35.871525        -38.388824      37.759499       37.759499 
 36.500851        -37.759499      37.130177       38.388824 
 36.500851        -38.388824      37.130177       38.388824 
 36.500851        -38.388824      37.759499       37.759499 
 36.500851        -37.759499      37.759499       37.759499 
 35.871525        -38.388824      37.130177       38.388824 
 37.130177        -37.759499      37.130177       38.388824 
 35.871525        -38.388824      37.759499       37.759499 
 37.130177        -37.759499      37.759499       38.388824 
 35.871525        -38.388824      37.130177       37.759499 
 35.871525        -38.388824      37.130177       38.388824 
 36.500851        -37.759499      37.759499       37.759499 
 36.500851        -37.759499      37.759499       38.388824 
 36.500851        -38.388824      37.130177       38.388824 
 35.871525        -38.388824      37.130177       37.759499 
 37.130177        -37.759499      37.759499       37.759499 
 35.871525        -38.388824      37.759499       38.388824 
 36.500851        -37.759499      37.130177       38.388824 
 36.500851        -38.388824      37.130177       37.759499 
 36.500851        -37.759499      37.759499       37.759499 
 35.871525        -38.388824      37.759499       38.388824 
 36.500851        -38.388824      37.130177       38.388824 
 36.500851        -37.759499      37.130177       37.759499 
 36.500851        -38.388824      37.759499       38.388824 
 36.500851        -37.759499      37.130177       37.759499 
 35.871525        -37.759499      37.759499       38.388824 
 37.130177        -38.388824      37.130177       37.759499 
 35.871525        -37.759499      37.759499       38.388824 
 36.500851        -38.388824      37.759499       38.388824 
 35.871525        -37.759499      37.130177       37.759499 
 37.130177        -38.388824      37.130177       38.388824 
 35.871525        -37.759499      37.759499       38.388824 
 36.500851        -37.759499      37.130177       37.759499 
 36.500851        -38.388824      37.759499       37.759499 
 35.871525        -38.388824      37.130177       38.388824 
 37.130177        -37.759499      37.759499       37.759499 
 35.871525        -38.388824      37.130177       38.388824 
 36.500851        -37.759499      37.130177       37.759499 
 35.871525        -38.388824      37.759499       39.018150 
 37.130177        -37.759499      37.759499       37.759499 
 35.871525        -38.388824      37.130177       37.759499 
 37.130177        -37.759499      37.130177       38.388824 
 35.871525        -37.759499      37.759499       38.388824 
 36.500851        -38.388824      37.130177       37.759499 
 36.500851        -37.759499      37.759499       38.388824 
 35.871525        -38.388824      37.130177       38.388824 
 36.500851        -37.759499      37.759499       37.759499 
 35.871525        -38.388824      37.130177       37.759499 
 37.130177        -37.759499      37.130177       38.388824 
 35.871525        -37.759499      37.759499       38.388824 
 36.500851        -37.759499      37.759499       37.759499 
 36.500851        -38.388824      37.130177       38.388824 
 35.871525        -37.759499      37.130177       37.759499 
 37.130177        -38.388824      37.759499       38.388824 
 35.871525        -37.759499      37.130177       37.759499 
 36.500851        -37.759499      37.130177       38.388824 
 36.500851        -37.759499      37.759499       38.388824 
 36.500851        -37.759499      37.130177       37.759499 
 35.871525        -38.388824      37.130177       38.388824 
 37.130177        -37.759499      37.759499       37.759499 
 35.871525        -38.388824      37.759499       38.388824 
 36.500851        -37.759499      37.130177       37.759499 
 36.500851        -37.759499      37.130177       38.388824 
 36.500851        -37.759499      37.759499       38.388824 
 35.871525        -37.759499      37.130177       37.759499 
 36.500851        -38.388824      37.130177       38.388824 
 36.500851        -37.759499      37.759499       37.759499 
 35.871525        -37.759499      37.130177       38.388824 
 37.130177        -37.759499      37.130177       37.759499 
 35.871525        -37.759499      37.759499       38.388824 
 36.500851        -38.388824      37.130177       38.388824 
 36.500851        -37.759499      37.130177       37.759499 
 36.500851        -37.759499      37.759499       38.388824 
 36.500851        -38.388824      37.130177       38.388824 
 35.871525        -37.759499      37.130177       37.759499 
 36.500851        -37.759499      37.759499       38.388824 
 36.500851        -38.388824      37.130177       37.759499 
 36.500851        -37.759499      37.130177       38.388824 
 36.500851        -37.759499      37.759499       37.759499 
 35.871525        -37.759499      37.130177       37.759499 
 36.500851        -38.388824      37.130177       38.388824 
 36.500851        -37.759499      37.759499       38.388824 
 35.871525        -38.388824      37.130177       37.759499 
 36.500851        -37.759499      37.130177       38.388824 
 36.500851        -38.388824      37.759499       37.759499 
 35.871525        -38.388824      37.130177       38.388824 
 37.130177        -37.759499      37.130177       37.759499 
 35.871525        -37.759499      37.759499       38.388824 
 36.500851        -38.388824      37.130177       38.388824 
 36.500851        -38.388824      37.130177       37.759499 
 36.500851        -37.759499      37.759499       38.388824 
 35.871525        -38.388824      37.759499       37.759499 
 36.500851        -37.759499      37.130177       38.388824 
 36.500851        -38.388824      37.130177       37.759499 
 35.871525        -37.759499      37.759499       38.388824 
 37.130177        -37.759499      37.130177       37.759499 
 35.871525        -38.388824      37.130177       38.388824 
 36.500851        -37.759499      37.759499       37.759499 
 36.500851        -37.759499      37.759499       38.388824 
 35.871525        -38.388824      37.130177       38.388824 
 36.500851        -37.759499      37.130177       37.759499 
 35.871525        -37.759499      37.759499       37.759499 
 37.130177        -37.759499      37.130177       38.388824 
 35.871525        -38.388824      37.130177       38.388824 
 36.500851        -37.759499      37.759499       37.759499 
 36.500851        -37.759499      37.759499       38.388824 
 35.871525        -38.388824      37.130177       37.759499 
 37.130177        -37.759499      37.130177       38.388824 
 35.871525        -37.759499      37.759499       37.759499 
 36.500851        -38.388824      37.130177       37.759499 
 35.871525        -37.759499      37.130177       38.388824 
 37.130177        -37.759499      37.759499       38.388824 
 35.871525        -37.759499      36.500851       37.759499 
 36.500851        -38.388824      37.759499       38.388824 
 36.500851        -37.759499      37.759499       37.759499 
 35.871525        -38.388824      36.500851       38.388824 
 37.130177        -37.759499      37.130177       37.759499 
 35.871525        -37.759499      37.130177       37.759499 
 35.871525        -38.388824      37.130177       38.388824 
 36.500851        -37.759499      37.759499       38.388824 
 36.500851        -37.759499      37.130177       37.759499 
 36.500851        -38.388824      37.130177       37.759499 
 35.871525        -37.759499      37.759499       38.388824 
 37.130177        -37.759499      36.500851       38.388824 
 35.871525        -37.759499      37.759499       37.759499 
 37.130177        -38.388824      37.130177       37.759499 
 35.871525        -37.759499      37.130177       38.388824 
 35.871525        -37.759499      37.759499       37.759499 
 36.500851        -38.388824      37.130177       38.388824 
 36.500851        -37.759499      37.130177       37.759499 
 36.500851        -37.759499      37.130177       38.388824 
 35.871525        -37.759499      37.130177       37.759499 
 36.500851        -38.388824      37.759499       38.388824 
 36.500851        -37.759499      37.130177       37.759499 
 36.500851        -37.759499      37.130177       38.388824 
 35.871525        -38.388824      37.759499       38.388824 
 36.500851        -37.759499      37.130177       37.759499 
 36.500851        -37.759499      37.130177       38.388824 
 35.871525        -37.759499      37.759499       37.759499 
 36.500851        -38.388824      36.500851       38.388824 
 36.500851        -37.759499      37.759499       37.759499 
 36.500851        -37.759499      37.130177       37.759499 
 36.500851        -38.388824      37.130177       38.388824 
 36.500851        -37.759499      37.130177       38.388824 
 35.871525        -38.388824      37.130177       37.759499 
 36.500851        -37.759499      37.759499       37.759499 
 36.500851        -37.759499      37.130177       38.388824 
 35.871525        -38.388824      37.130177       38.388824 
 36.500851        -37.759499      37.759499       37.759499 
 36.500851        -37.759499      36.500851       37.759499 
 36.500851        -37.759499      37.759499       38.388824 
 36.500851        -38.388824      37.130177       37.759499 
 35.871525        -37.759499      37.130177       38.388824 
 36.500851        -37.759499      37.759499       37.759499 
 36.500851        -38.388824      37.130177       38.388824 
 35.871525        -37.759499      37.130177       37.759499 
 36.500851        -38.388824      37.130177       38.388824 
 36.500851        -37.759499      37.130177       37.759499 
 35.871525        -38.388824      37.759499       38.388824 
 37.130177        -37.759499      37.130177       38.388824 
 35.871525        -37.759499      37.130177       37.759499 
 36.500851        -38.388824      37.130177       37.759499 
 36.500851        -37.759499      37.130177       38.388824 
 35.871525        -37.759499      37.759499       37.759499 
 36.500851        -38.388824      37.130177       38.388824 
 36.500851        -38.388824      37.130177       37.759499 
 36.500851        -37.759499      37.130177       38.388824 
 35.871525        -37.759499      37.130177       38.388824 
 37.130177        -38.388824      37.759499       37.759499 
 35.871525        -37.759499      37.130177       37.759499 
 36.500851        -38.388824      37.130177       38.388824 
 36.500851        -37.759499      37.759499       38.388824 
 35.871525        -37.759499      36.500851       37.759499 
 36.500851        -37.759499      37.759499       37.759499 
 35.871525        -38.388824      37.130177       38.388824 
 37.130177        -37.759499      37.130177       37.759499 
 35.871525        -37.759499      37.130177       38.388824 
 37.130177        -37.759499      37.130177       37.759499 
 35.871525        -37.759499      37.759499       38.388824 
 36.500851        -37.759499      37.130177       37.759499 
 36.500851        -37.759499      37.130177       38.388824 
 35.871525        -37.759499      37.130177       37.759499 
 36.500851        -37.759499      37.130177       38.388824 
 35.871525        -38.388824      37.759499       38.388824 
 37.130177        -37.759499      37.130177       37.759499 
 35.871525        -37.759499      37.130177       37.759499 
 35.871525        -38.388824      37.130177       38.388824 
 37.130177        -37.759499      37.130177       37.759499 
 35.871525        -37.759499      37.759499       38.388824 
 36.500851        -37.759499      37.130177       37.759499 
 35.871525        -38.388824      37.130177       37.759499 
 36.500851        -37.759499      37.759499       38.388824 
 36.500851        -37.759499      36.500851       38.388824 
 36.500851        -37.759499      37.759499       37.759499 
 36.500851        -38.388824      37.130177       37.759499 
 35.871525        -37.759499      37.130177       38.388824 
 37.130177        -37.759499      37.759499       38.388824 
 35.871525        -37.759499      36.500851       37.759499 
 36.500851        -37.759499      37.759499       37.759499 
 35.871525        -37.759499      37.130177       38.388824 
 36.500851        -38.388824      37.130177       37.759499 
 36.500851        -37.759499      37.759499       38.388824 
 35.871525        -37.759499      37.130177       37.759499 
 36.500851        -37.759499      37.130177       38.388824 
 36.500851        -38.388824      37.130177       37.759499 
 36.500851        -37.759499      37.130177       38.388824 
 36.500851        -37.759499      37.759499       37.759499 
 35.871525        -37.759499      37.130177       37.759499 
 36.500851        -38.388824      37.130177       38.388824 
 36.500851        -37.759499      37.130177       38.388824 
 35.871525        -38.388824      37.130177       37.759499 
 36.500851        -37.759499      37.759499       37.759499 
 36.500851        -37.759499      36.500851       38.388824 
 36.500851        -37.759499      37.759499       37.759499 
 36.500851        -38.388824      37.130177       38.388824 
 35.871525        -37.759499      37.130177       37.759499 
 36.500851        -37.759499      37.130177       38.388824 
 36.500851        -37.759499      37.130177       37.759499 
 35.871525        -38.388824      37.759499       37.759499 
 36.500851        -37.759499      36.500851       38.388824 
 36.500851        -37.759499      37.759499       37.759499 
 36.500851        -37.759499      37.130177       38.388824 
 35.871525        -38.388824      37.130177       38.388824 
 36.500851        -37.759499      37.759499       37.759499 
 36.500851        -37.759499      36.500851       37.759499 
 36.500851        -37.759499      37.759499       38.388824 
 36.500851        -38.388824      37.130177       38.388824 
 35.871525        -37.759499      37.130177       37.759499 
 36.500851        -37.759499      37.130177       37.759499 
 36.500851        -37.759499      37.130177       38.388824 
 36.500851        -37.759499      37.759499       37.759499 
 35.871525        -37.759499      36.500851       38.388824 
 36.500851        -37.759499      37.759499       37.759499 
 36.500851        -38.388824      37.130177       37.759499 
 36.500851        -37.759499      37.130177       38.388824 
 36.500851        -37.759499      37.759499       38.388824 
 35.871525        -37.759499      37.130177       37.759499 
 36.500851        -37.759499      37.130177       37.759499 
 35.871525        -37.759499      37.130177       38.388824 
 36.500851        -38.388824      37.130177       38.388824 
 36.500851        -37.759499      37.759499       37.759499 
 35.871525        -37.759499      36.500851       38.388824 
 37.130177        -37.759499      37.759499       37.759499 
 35.871525        -37.759499      37.130177       37.759499 
 36.500851        -37.759499      37.130177       38.388824 
 35.871525        -37.759499      37.130177       37.759499 
 36.500851        -37.759499      37.130177       38.388824 
 36.500851        -38.388824      37.759499       37.759499 
 35.871525        -37.759499      37.130177       38.388824 
 36.500851        -37.759499      37.130177       37.759499 
 36.500851        -37.759499      37.130177       37.759499 
 36.500851        -38.388824      37.130177       38.388824 
 35.871525        -37.759499      37.759499       38.388824 
 36.500851        -37.759499      37.130177       37.759499 
 36.500851        -37.759499      37.130177       37.759499 
 35.871525        -37.759499      37.130177       38.388824 
 36.500851        -37.759499      37.130177       37.759499 
 36.500851        -37.759499      37.759499       38.388824 
 36.500851        -37.759499      37.130177       37.759499 
 35.871525        -38.388824      37.130177       38.388824 
 36.500851        -37.759499      37.130177       37.759499 
 36.500851        -37.759499      37.130177       37.759499 
 36.500851        -37.759499      37.759499       38.388824 
 35.871525        -37.759499      37.130177       37.759499 
 35.871525        -38.388824      37.130177       38.388824 
 37.130177        -37.759499      37.759499       37.759499 
 35.871525        -37.759499      37.130177       38.388824 
 36.500851        -37.759499      37.130177       37.759499 
 36.500851        -37.759499      37.130177       38.388824 
 35.871525        -37.759499      37.130177       38.388824 
 37.130177        -38.388824      37.759499       37.759499 
 35.871525        -37.759499      37.130177       37.759499 
 35.871525        -37.759499      37.130177       38.388824 
 36.500851        -38.388824      37.130177       37.759499 
 36.500851        -37.759499      37.130177       37.759499 
 35.871525        -37.759499      37.759499       38.388824 
 36.500851        -37.759499      36.500851       37.759499 
 36.500851        -37.759499      37.759499       38.388824 
 36.500851        -37.759499      37.130177       37.759499 
 36.500851        -37.759499      37.130177       38.388824 
 35.871525        -38.388824      37.130177       37.759499 
 36.500851        -37.759499      37.130177       37.759499 
 36.500851        -37.759499      37.759499       38.388824 
 35.871525        -37.759499      37.130177       38.388824 
 36.500851        -37.759499      37.130177       37.759499 
 36.500851        -37.759499      37.130177       37.759499 
 36.500851        -37.759499      37.130177       38.388824 
 35.871525        -37.759499      37.130177       37.759499 
 36.500851        -37.759499      37.130177       38.388824 
 36.500851        -38.388824      37.130177       37.759499 
 35.871525        -37.759499      37.130177       38.388824 
 36.500851        -37.759499      37.759499       37.759499 
 35.871525        -37.759499      36.500851       37.759499 
 36.500851        -38.388824      37.759499       38.388824 
 36.500851        -37.759499      37.130177       37.759499 
 35.871525        -37.759499      37.130177       38.388824 
 37.130177        -37.759499      37.130177       37.759499 
 35.871525        -38.388824      37.130177       38.388824 
 36.500851        -37.759499      37.130177       37.759499 
 35.871525        -37.759499      37.130177       37.759499 
 36.500851        -37.759499      37.130177       38.388824 
 36.500851        -37.759499      37.130177       38.388824 
 35.871525        -37.759499      37.130177       37.759499 
 36.500851        -37.759499      37.130177       37.759499 
 36.500851        -38.388824      37.759499       38.388824 
 36.500851        -37.759499      36.500851       37.759499 
 36.500851        -37.759499      37.759499       38.388824 
 35.871525        -37.759499      37.130177       37.759499 
 36.500851        -37.759499      37.130177       37.759499 
 35.871525        -38.388824      37.130177       38.388824 
 36.500851        -37.759499      37.130177       37.759499 
 36.500851        -37.759499      37.130177       38.388824 
 36.500851        -37.759499      37.130177       37.759499 
 35.871525        -38.388824      37.130177       37.759499 
 36.500851        -37.759499      37.130177       38.388824 
 36.500851        -38.388824      37.130177       37.759499 
 36.500851        -37.759499      37.130177       38.388824 
 35.871525        -38.388824      37.130177       37.759499 
 36.500851        -37.759499      37.130177       37.759499 
 35.871525        -37.759499      37.759499       38.388824 
 36.500851        -38.388824      36.500851       38.388824 
 35.871525        -37.759499      37.759499       37.759499 
 37.130177        -37.759499      37.130177       37.759499 
 35.871525        -38.388824      37.130177       38.388824 
 36.500851        -38.388824      37.130177       37.759499 
 36.500851        -37.759499      37.130177       38.388824 
 35.871525        -37.759499      37.130177       37.759499 
 36.500851        -37.759499      37.130177       37.759499 
 35.871525        -38.388824      37.130177       38.388824 
 36.500851        -37.759499      37.130177       37.759499 
 36.500851        -38.388824      37.759499       38.388824 
 36.500851        -37.759499      36.500851       37.759499 
 36.500851        -37.759499      37.759499       38.388824 
 36.500851        -37.759499      37.130177       37.759499 
 35.871525        -38.388824      37.130177       38.388824 
 36.500851        -37.759499      37.130177       37.759499 
 35.871525        -38.388824      37.130177       37.759499 
 36.500851        -37.759499      37.759499       38.388824 
 36.500851        -37.759499      36.500851       38.388824 
 35.871525        -37.759499      37.759499       37.759499 
 36.500851        -37.759499      36.500851       37.759499 
 36.500851        -37.759499      37.759499       37.759499 
 35.871525        -38.388824      37.130177       38.388824 
 36.500851        -37.759499      37.130177       38.388824 
 36.500851        -37.759499      37.130177       37.759499 
 35.871525        -37.759499      37.130177       37.759499 
 36.500851        -37.759499      37.130177       38.388824 
 35.871525        -37.759499      37.130177       37.759499 
 36.500851        -37.759499      37.759499       37.759499 
 36.500851        -37.759499      36.500851       38.388824 
 36.500851        -37.759499      37.759499       37.759499 
 36.500851        -37.759499      37.130177       38.388824 
 35.871525        -37.759499      37.130177       37.759499 
 36.500851        -38.388824      37.130177       38.388824 
 36.500851        -37.759499      37.130177       37.759499 
 35.871525        -38.388824      37.759499       37.759499 
 36.500851        -37.759499      37.130177       38.388824 
 36.500851        -37.759499      37.130177       37.759499 
 35.871525        -38.388824      37.130177       38.388824 
 37.130177        -37.759499      37.130177       37.759499 
 35.871525        -38.388824      37.130177       37.759499 
 35.871525        -37.759499      37.130177       38.388824 
 37.130177        -37.759499      37.759499       37.759499 
 35.871525        -38.388824      36.500851       38.388824 
 36.500851        -37.759499      37.759499       37.759499 
 35.871525        -37.759499      37.130177       37.759499 
 36.500851        -37.759499      37.130177       38.388824 
 36.500851        -38.388824      37.130177       37.759499 
 35.871525        -37.759499      37.130177       38.388824 
 37.130177        -37.759499      37.759499       37.759499 
 35.871525        -37.759499      36.500851       38.388824 
 36.500851        -38.388824      37.759499       37.759499 
 36.500851        -37.759499      37.130177       37.759499 
 35.871525        -37.759499      37.130177       38.388824 
 36.500851        -37.759499      37.130177       37.759499 
 36.500851        -37.759499      37.130177       38.388824 
 36.500851        -37.759499      37.759499       37.759499 
 35.871525        -37.759499      36.500851       38.388824 
 36.500851        -37.759499      37.759499       37.759499 
 36.500851        -37.759499      37.130177       37.759499 
 36.500851        -38.388824      37.130177       38.388824 
 35.871525        -37.759499      37.130177       38.388824 
 36.500851        -37.759499      37.130177       37.759499 
 36.500851        -37.759499      37.130177       37.759499 
 35.871525        -37.759499      37.130177       37.759499 
 36.500851        -38.388824      37.759499       38.388824 
 36.500851        -37.759499      36.500851       37.759499 
 36.500851        -37.759499      37.759499       38.388824 
 36.500851        -37.759499      37.130177       37.759499 
 35.871525        -37.759499      37.130177       38.388824 
 36.500851        -38.388824      37.130177       37.759499 
 36.500851        -37.759499      37.130177       38.388824 
 36.500851        -38.388824      37.759499       37.759499 
 35.871525        -37.759499      36.500851       37.759499 
 36.500851        -37.759499      37.759499       38.388824 
 36.500851        -37.759499      36.500851       37.759499 
 36.500851        -37.759499      37.759499       38.388824 
 35.871525        -37.759499      37.130177       37.759499 
 36.500851        -37.759499      37.130177       37.759499 
 36.500851        -37.759499      37.130177       38.388824 
 35.871525        -38.388824      37.130177       38.388824 
 36.500851        -37.759499      37.130177       37.759499 
 36.500851        -37.759499      37.130177       37.759499 
 36.500851        -38.388824      37.759499       38.388824 
 36.500851        -37.759499      36.500851       37.759499 
 36.500851        -37.759499      37.759499       38.388824 
 35.871525        -37.759499      37.130177       37.759499 
 36.500851        -37.759499      37.130177       38.388824 
 36.500851        -37.759499      37.130177       37.759499 
 35.871525        -38.388824      37.130177       38.388824 
 36.500851        -37.759499      37.759499       37.759499 
 35.871525        -38.388824      37.130177       37.759499 
 37.130177        -37.759499      37.130177       38.388824 
 35.871525        -37.759499      37.130177       37.759499 
 36.500851        -38.388824      37.130177       37.759499 
 36.500851        -37.759499      37.130177       38.388824 
 35.871525        -37.759499      37.130177       37.759499 
 36.500851        -38.388824      37.130177       37.759499 
 36.500851        -37.759499      37.130177       38.388824 
 36.500851        -37.759499      37.130177       38.388824 
 35.871525        -38.388824      37.130177       37.759499 
 36.500851        -37.759499      37.759499       37.759499 
 36.500851        -37.759499      36.500851       38.388824 
 35.871525        -38.388824      37.759499       37.759499 
 37.130177        -37.759499      36.500851       38.388824 
 35.871525        -37.759499      37.759499       37.759499 
 36.500851        -37.759499      37.130177       37.759499 
 35.871525        -37.759499      37.130177       38.388824 
 36.500851        -38.388824      37.130177       37.759499 
 36.500851        -37.759499      37.130177       38.388824 
 35.871525        -37.759499      37.130177       37.759499 
 36.500851        -38.388824      37.130177       37.759499 
 36.500851        -37.759499      37.759499       38.388824 
 36.500851        -37.759499      37.130177       37.759499 
 36.500851        -37.759499      37.130177       37.759499 
 35.871525        -37.759499      37.130177       38.388824 
 36.500851        -37.759499      37.130177       37.759499 
 36.500851        -38.388824      37.130177       37.759499 
 35.871525        -37.759499      37.130177       38.388824 
 36.500851        -37.759499      37.759499       37.759499 
 36.500851        -37.759499      36.500851       38.388824 
 36.500851        -38.388824      37.759499       37.759499 
 36.500851        -37.759499      37.130177       37.759499 
 35.871525        -37.759499      37.130177       37.759499 
 36.500851        -37.759499      37.130177       38.388824 
 35.871525        -37.759499      37.130177       37.759499 
 35.871525        -38.388824      37.759499       38.388824 
 37.130177        -37.759499      37.130177       37.759499 
 35.871525        -37.759499      37.130177       37.759499 
 35.871525        -38.388824      37.130177       38.388824 
 37.130177        -37.759499      37.130177       37.759499 
 35.871525        -37.759499      37.130177       38.388824 
 36.500851        -37.759499      37.130177       37.759499 
 35.871525        -37.759499      37.759499       37.759499 
 36.500851        -37.759499      36.500851       37.759499 
 36.500851        -38.388824      37.759499       38.388824 
 35.871525        -37.759499      37.130177       38.388824 
 36.500851        -37.759499      37.130177       37.759499 
 36.500851        -38.388824      37.130177       37.759499 
 36.500851        -37.759499      37.130177       37.759499 
 35.871525        -37.759499      37.759499       37.759499 
 36.500851        -37.759499      36.500851       38.388824 
 36.500851        -38.388824      37.759499       38.388824 
 35.871525        -37.759499      37.130177       37.759499 
 35.871525        -37.759499      37.130177       37.759499 
 36.500851        -37.759499      37.130177       37.759499 
 36.500851        -38.388824      37.130177       38.388824 
 35.871525        -37.759499      37.130177       37.759499 
 36.500851        -37.759499      37.130177       38.388824 
 36.500851        -38.388824      37.759499       37.759499 
 36.500851        -37.759499      36.500851       37.759499 
 35.871525        -38.388824      37.759499       37.759499 
 36.500851        -37.759499      36.500851       38.388824 
 35.871525        -37.759499      37.759499       37.759499 
 36.500851        -38.388824      37.130177       37.759499 
 36.500851        -38.388824      37.130177       38.388824 
 36.500851        -37.759499      37.130177       37.759499 
 35.871525        -38.388824      37.130177       37.759499 
 36.500851        -38.388824      37.130177       37.759499 
 36.500851        -37.759499      37.130177       37.759499 
 35.871525        -38.388824      37.759499       38.388824 
 36.500851        -37.759499      36.500851       37.759499 
 35.871525        -38.388824      37.759499       37.759499 
 36.500851        -37.759499      37.130177       38.388824 
 36.500851        -38.388824      37.130177       37.759499 
 35.871525        -38.388824      37.130177       37.759499 
 36.500851        -38.388824      37.130177       37.759499 
 36.500851        -37.759499      37.759499       38.388824 
 36.500851        -38.388824      36.500851       37.759499 
 35.871525        -38.388824      37.759499       37.759499 
 36.500851        -38.388824      37.130177       37.759499 
 36.500851        -37.759499      37.130177       38.388824 
 35.871525        -38.388824      37.130177       37.759499 
 36.500851        -38.388824      37.130177       37.759499 
 36.500851        -37.759499      37.130177       37.759499 
 36.500851        -38.388824      37.130177       38.388824 
 35.871525        -38.388824      37.759499       37.759499 
 36.500851        -37.759499      36.500851       37.759499 
 36.500851        -38.388824      37.759499       37.759499 
 35.871525        -38.388824      37.130177       38.388824 
 36.500851        -38.388824      37.130177       37.759499 
 35.871525        -38.388824      37.130177       37.759499 
 36.500851        -37.759499      37.130177       37.759499 
 36.500851        -38.388824      37.759499       37.759499 
 35.871525        -38.388824      36.500851       37.759499 
 37.130177        -38.388824      37.759499       38.388824 
 35.871525        -38.388824      37.130177       37.759499 
 36.500851        -37.759499      37.130177       37.759499 
 36.500851        -38.388824      37.130177       37.759499 
 35.871525        -38.388824      37.130177       38.388824 
 36.500851        -38.388824      37.130177       37.759499 
 35.871525        -38.388824      37.130177       37.759499 
 36.500851        -37.759499      37.130177       37.759499 
 36.500851        -38.388824      37.130177       37.759499 
 36.500851        -38.388824      37.130177       38.388824 
 36.500851        -37.759499      37.130177       37.759499 
 35.871525        -39.018150      37.759499       37.759499 
 36.500851        -37.759499      36.500851       37.759499 
 35.871525        -38.388824      37.759499       38.388824 
 36.500851        -37.759499      36.500851       37.759499 
 35.871525        -38.388824      37.759499       37.759499 
 37.130177        -38.388824      36.500851       37.759499 
 35.871525        -38.388824      37.759499       37.759499 
 35.871525        -38.388824      37.130177       37.759499 
 37.130177        -37.759499      37.130177       37.759499 
 35.871525        -38.388824      37.130177       38.388824 
 36.500851        -38.388824      37.130177       37.759499 
 35.871525        -38.388824      37.130177       37.759499 
 36.500851        -37.759499      37.130177       37.759499 
 36.500851        -38.388824      37.130177       37.759499 
 35.871525        -38.388824      37.130177       38.388824 
 36.500851        -37.759499      37.130177       37.759499 
 36.500851        -39.018150      37.130177       37.759499 
 36.500851        -37.759499      37.130177       37.759499 
 35.871525        -38.388824      37.130177       37.759499 
 36.500851        -38.388824      37.130177       37.759499 
 36.500851        -37.759499      37.130177       37.759499 
 35.871525        -38.388824      37.130177       37.759499 
 36.500851        -38.388824      37.130177       38.388824 
 35.871525        -37.759499      37.759499       37.759499 
 37.130177        -38.388824      36.500851       37.759499 
 35.871525        -38.388824      37.759499       37.759499 
 36.500851        -38.388824      36.500851       37.759499 
 36.500851        -37.759499      37.759499       38.388824 
 35.871525        -38.388824      37.130177       37.759499 
 36.500851        -38.388824      37.130177       37.759499 
 35.871525        -38.388824      37.130177       37.759499 
 36.500851        -37.759499      37.130177       37.759499 
 36.500851        -38.388824      36.500851       37.759499 
 35.871525        -38.388824      37.759499       37.759499 
 36.500851        -37.759499      36.500851       38.388824 
 36.500851        -38.388824      37.759499       37.759499 
 36.500851        -38.388824      36.500851       37.759499 
 35.871525        -38.388824      37.759499       37.759499 
 36.500851        -38.388824      36.500851       37.759499 
 35.871525        -37.759499      37.759499       38.388824 
 35.871525        -38.388824      36.500851       37.759499 
 37.130177        -38.388824      37.759499       37.759499 
 35.871525        -38.388824      36.500851       37.759499 
 35.871525        -37.759499      37.759499       37.759499 
 37.130177        -38.388824      36.500851       37.759499 
 35.871525        -38.388824      37.759499       37.759499 
 36.500851        -38.388824      36.500851       38.388824 
 35.871525        -37.759499      37.759499       37.759499 
 36.500851        -38.388824      36.500851       37.759499 
 36.500851        -38.388824      37.759499       38.388824 
 35.871525        -38.388824      36.500851       37.759499 
 36.500851        -37.759499      37.759499       37.759499 
 36.500851        -38.388824      36.500851       37.759499 
 36.500851        -38.388824      37.759499       37.759499 
 35.871525        -38.388824      36.500851       37.759499 
 36.500851        -37.759499      37.759499       37.759499 
 36.500851        -38.388824      37.130177       38.388824 
 35.871525        -38.388824      37.130177       37.759499 
 35.871525        -37.759499      37.130177       37.759499 
 36.500851        -38.388824      37.130177       37.759499 
 36.500851        -38.388824      37.130177       38.388824 
 36.500851        -38.388824      37.130177       37.759499 
 35.871525        -37.759499      37.759499       37.759499 
 36.500851        -38.388824      36.500851       37.759499 
 36.500851        -38.388824      37.759499       37.759499 
 35.871525        -38.388824      37.130177       37.759499 
 36.500851        -38.388824      37.130177       37.759499 
 35.871525        -37.759499      37.130177       38.388824 
 36.500851        -38.388824      37.130177       37.759499 
 36.500851        -37.759499      37.130177       37.759499 
 36.500851        -39.018150      37.130177       37.759499 
 35.871525        -37.759499      37.130177       38.388824 
 35.871525        -38.388824      37.130177       37.759499 
 37.130177        -38.388824      37.759499       37.759499 
 35.871525        -37.759499      36.500851       37.759499 
 36.500851        -38.388824      37.759499       37.759499 
 35.871525        -38.388824      36.500851       37.759499 
 36.500851        -38.388824      37.759499       37.759499 
 36.500851        -38.388824      36.500851       37.759499 
 35.871525        -37.759499      37.759499       38.388824 
 36.500851        -38.388824      36.500851       37.759499 
 36.500851        -38.388824      37.759499       37.759499 
 36.500851        -37.759499      37.130177       37.759499 
 35.871525        -38.388824      37.130177       38.388824 
 36.500851        -38.388824      37.130177       37.759499 
 36.500851        -38.388824      37.130177       37.759499 
 35.871525        -38.388824      37.130177       37.759499 
 36.500851        -37.759499      37.130177       37.759499 
 35.871525        -38.388824      37.130177       38.388824 
 36.500851        -38.388824      37.130177       37.759499 
 36.500851        -38.388824      37.759499       37.759499 
 35.871525        -37.759499      36.500851       37.759499 
 37.130177        -38.388824      37.759499       38.388824 
 35.871525        -38.388824      37.130177       37.759499 
 35.871525        -38.388824      37.130177       37.759499 
 36.500851        -37.759499      37.130177       37.759499 
 35.871525        -38.388824      37.130177       37.759499 
 36.500851        -38.388824      37.130177       37.759499 

